29 0 0
31 0 0
33 0 0
35 0 0
37 0 0
39 0 0
41 0.0283053 0.000225
43 0.0433092 0.000265733
45 0.0617956 0.00030448
47 0.079682 0.000335459
49 0.0927558 0.000356048
51 0.0997237 0.000373662
53 0.103054 0.000401554
55 0.104362 0.00044731
57 0.105041 0.000519837
59 0.104295 0.000622532
61 0.106482 0.000790236
63 0.10543 0.0010258
65 0.104605 0.00138842
67 0.103103 0.00191129
69 0.105141 0.0027763
71 0.101257 0.00394639
73 0.0974375 0.00581622
75 0.077381 0.00841973
77 0.0726817 0.0139785
79 0.0679612 0.0265454
81 0.0555556 0.0403602
83 0 0
85 0 0
87 0 0
