0.23125 0.0248447 0.00104436
0.26875 0.0453504 0.000722552
0.30625 0.0752556 0.00120255
0.34375 0.083313 0.00156553
0.38125 0.0862948 0.0019029
0.41875 0.0907362 0.0023189
0.45625 0.0843277 0.00257934
0.49375 0.0844453 0.00298655
0.53125 0.0819987 0.00337156
0.56875 0.079333 0.0037977
0.60625 0.0837719 0.00446206
0.64375 0.0758051 0.00482086
0.68125 0.0797342 0.00563737
0.71875 0.080597 0.00658254
0.75625 0.0752488 0.00709351
0.79375 0.0695876 0.00799646
0.83125 0.0610611 0.00805322
0.86875 0.0593923 0.00932232
0.90625 0.0683012 0.0113043
0.94375 0.0539216 0.011802
